北京,116.395645,39.929986,12
上海,121.487899,31.249162,12
天津,117.210813,39.14393,12
重庆,106.530635,29.544606,12
合肥,117.282699,31.866942,12
安庆,117.058739,30.537898,13
蚌埠,117.35708,32.929499,13
亳州,115.787928,33.871211,13
巢湖,117.88049,31.608733,13
池州,117.494477,30.660019,14
滁州,118.32457,32.317351,13
阜阳,115.820932,32.901211,13
淮北,116.791447,33.960023,13
淮南,117.018639,32.642812,13
黄山,118.29357,29.734435,13
六安,116.505253,31.755558,13
马鞍山,118.515882,31.688528,13
宿州,116.988692,33.636772,13
铜陵,117.819429,30.94093,14
芜湖,118.384108,31.36602,12
宣城,118.752096,30.951642,13
福州,119.330221,26.047125,12
龙岩,117.017997,25.078685,13
南平,118.181883,26.643626,13
宁德,119.542082,26.656527,14
莆田,119.077731,25.44845,13
泉州,118.600362,24.901652,12
三明,117.642194,26.270835,14
厦门,118.103886,24.489231,12
漳州,117.676205,24.517065,12
兰州,103.823305,36.064226,12
白银,104.171241,36.546682,13
定西,104.626638,35.586056,13
甘南州,102.917442,34.992211,14
嘉峪关,98.281635,39.802397,13
金昌,102.208126,38.516072,13
酒泉,98.508415,39.741474,13
临夏州,103.215249,35.598514,13
陇南,104.934573,33.39448,14
平凉,106.688911,35.55011,13
庆阳,107.644227,35.726801,13
天水,105.736932,34.584319,13
武威,102.640147,37.933172,13
张掖,100.459892,38.93932,13
广州,113.30765,23.120049,12
潮州,116.630076,23.661812,13
东莞,113.763434,23.043024,12
佛山,113.134026,23.035095,13
河源,114.713721,23.757251,12
惠州,114.410658,23.11354,12
江门,113.078125,22.575117,13
揭阳,116.379501,23.547999,13
茂名,110.931245,21.668226,13
梅州,116.126403,24.304571,13
清远,113.040773,23.698469,13
汕头,116.72865,23.383908,13
汕尾,115.372924,22.778731,14
韶关,113.594461,24.80296,13
深圳,114.025974,22.546054,12
阳江,111.97701,21.871517,14
云浮,112.050946,22.937976,13
湛江,110.365067,21.257463,13
肇庆,112.479653,23.078663,13
中山,113.42206,22.545178,12
珠海,113.562447,22.256915,13
南宁,108.297234,22.806493,12
百色,106.631821,23.901512,13
北海,109.122628,21.472718,13
崇左,107.357322,22.415455,14
防城港,108.351791,21.617398,15
桂林,110.26092,25.262901,12
贵港,109.613708,23.103373,13
河池,108.069948,24.699521,14
贺州,111.552594,24.411054,14
来宾,109.231817,23.741166,14
柳州,109.422402,24.329053,12
钦州,108.638798,21.97335,13
梧州,111.305472,23.485395,13
玉林,110.151676,22.643974,14
贵阳,106.709177,26.629907,12
安顺,105.92827,26.228595,13
毕节地区,105.300492,27.302612,14
六盘水,104.852087,26.591866,13
铜仁地区,109.196161,27.726271,14
遵义,106.93126,27.699961,13
黔西南州,104.900558,25.095148,11
黔东南州,107.985353,26.583992,11
黔南州,107.523205,26.264536,11
海口,110.330802,20.022071,13
白沙,109.358586,19.216056,12
保亭,109.656113,18.597592,12
昌江,109.0113,19.222483,12
儋州,109.413973,19.571153,13
澄迈,109.996736,19.693135,13
东方,108.85101,18.998161,13
定安,110.32009,19.490991,13
琼海,110.414359,19.21483,13
琼中,109.861849,19.039771,12
乐东,109.062698,18.658614,12
临高,109.724101,19.805922,13
陵水,109.948661,18.575985,12
三亚,109.522771,18.257776,12
屯昌,110.063364,19.347749,13
万宁,110.292505,18.839886,13
文昌,110.780909,19.750947,13
五指山,109.51775,18.831306,13
石家庄,114.522082,38.048958,12
保定,115.49481,38.886565,13
沧州,116.863806,38.297615,13
承德,117.933822,40.992521,14
邯郸,114.482694,36.609308,13
衡水,115.686229,37.746929,13
廊坊,116.703602,39.518611,13
秦皇岛,119.604368,39.945462,12
唐山,118.183451,39.650531,13
邢台,114.520487,37.069531,13
张家口,114.893782,40.811188,13
郑州,113.649644,34.75661,12
安阳,114.351807,36.110267,12
鹤壁,114.29777,35.755426,13
焦作,113.211836,35.234608,13
开封,114.351642,34.801854,13
洛阳,112.447525,34.657368,12
漯河,114.046061,33.576279,13
南阳,112.542842,33.01142,13
平顶山,113.300849,33.745301,13
濮阳,115.026627,35.753298,12
三门峡,111.181262,34.78332,13
商丘,115.641886,34.438589,13
新乡,113.91269,35.307258,13
信阳,114.085491,32.128582,13
许昌,113.835312,34.02674,13
周口,114.654102,33.623741,13
驻马店,114.049154,32.983158,13
哈尔滨,126.657717,45.773225,12
大庆,125.02184,46.596709,12
大兴安岭地区,124.196104,51.991789,10
鹤岗,130.292472,47.338666,13
黑河,127.50083,50.25069,14
鸡西,130.941767,45.32154,13
佳木斯,130.284735,46.81378,12
牡丹江,129.608035,44.588521,13
七台河,131.019048,45.775005,14
齐齐哈尔,123.987289,47.3477,13
双鸭山,131.171402,46.655102,13
绥化,126.989095,46.646064,13
伊春,128.910766,47.734685,14
武汉,114.3162,30.581084,12
鄂州,114.895594,30.384439,14
恩施,109.517433,30.308978,14
黄冈,114.906618,30.446109,14
黄石,115.050683,30.216127,13
荆门,112.21733,31.042611,13
荆州,112.241866,30.332591,12
潜江,112.768768,30.343116,13
神农架林区,110.487231,31.595768,13
十堰,110.801229,32.636994,13
随州,113.379358,31.717858,13
天门,113.12623,30.649047,13
仙桃,113.387448,30.293966,13
咸宁,114.300061,29.880657,13
襄阳,112.176326,32.094934,12
孝感,113.935734,30.927955,13
宜昌,111.310981,30.732758,13
长沙,112.979353,28.213478,12
常德,111.653718,29.012149,12
郴州,113.037704,25.782264,13
衡阳,112.583819,26.898164,13
怀化,109.986959,27.557483,13
娄底,111.996396,27.741073,13
邵阳,111.461525,27.236811,13
湘潭,112.935556,27.835095,13
湘西州,109.745746,28.317951,14
益阳,112.366547,28.588088,13
永州,111.614648,26.435972,13
岳阳,113.146196,29.378007,13
张家界,110.48162,29.124889,13
株洲,113.131695,27.827433,13
南京,118.778074,32.057236,12
常州,119.981861,31.771397,12
淮安,119.030186,33.606513,12
连云港,119.173872,34.601549,12
南通,120.873801,32.014665,12
苏州,120.619907,31.317987,12
宿迁,118.296893,33.95205,13
泰州,119.919606,32.476053,13
无锡,120.305456,31.570037,12
徐州,117.188107,34.271553,12
盐城,120.148872,33.379862,12
扬州,119.427778,32.408505,13
镇江,119.455835,32.204409,13
南昌,115.893528,28.689578,12
抚州,116.360919,27.954545,13
赣州,114.935909,25.845296,13
吉安,114.992039,27.113848,13
景德镇,117.186523,29.303563,12
九江,115.999848,29.71964,13
萍乡,113.859917,27.639544,13
上饶,117.955464,28.457623,13
新余,114.947117,27.822322,13
宜春,114.400039,27.81113,13
鹰潭,117.03545,28.24131,13
长春,125.313642,43.898338,12
白城,122.840777,45.621086,13
白山,126.435798,41.945859,13
吉林市,126.564544,43.871988,12
辽源,125.133686,42.923303,13
四平,124.391382,43.175525,12
松原,124.832995,45.136049,13
通化,125.94265,41.736397,13
延边,129.485902,42.896414,13
沈阳,123.432791,41.808645,12
鞍山,123.007763,41.118744,13
本溪,123.778062,41.325838,12
朝阳,120.446163,41.571828,13
大连,121.593478,38.94871,12
丹东,124.338543,40.129023,12
抚顺,123.92982,41.877304,12
阜新,121.660822,42.01925,14
葫芦岛,120.860758,40.74303,13
锦州,121.147749,41.130879,13
辽阳,123.172451,41.273339,14
盘锦,122.073228,41.141248,13
铁岭,123.85485,42.299757,13
营口,122.233391,40.668651,13
呼和浩特,111.660351,40.828319,12
阿拉善盟,105.695683,38.843075,14
包头,109.846239,40.647119,12
巴彦淖尔,107.423807,40.76918,12
赤峰,118.930761,42.297112,12
鄂尔多斯,109.993706,39.81649,12
呼伦贝尔,119.760822,49.201636,12
通辽,122.260363,43.633756,12
乌海,106.831999,39.683177,13
乌兰察布,113.112846,41.022363,12
锡林郭勒盟,116.02734,43.939705,11
兴安盟,122.048167,46.083757,11
银川,106.206479,38.502621,12
固原,106.285268,36.021523,13
石嘴山,106.379337,39.020223,13
吴忠,106.208254,37.993561,14
中卫,105.196754,37.521124,14
西宁,101.767921,36.640739,12
果洛州,100.223723,34.480485,11
海东地区,102.085207,36.51761,11
海北州,100.879802,36.960654,11
海南州,100.624066,36.284364,11
海西州,97.342625,37.373799,11
黄南州,102.0076,35.522852,11
玉树州,97.013316,33.00624,14
济南,117.024967,36.682785,12
滨州,117.968292,37.405314,12
东营,118.583926,37.487121,12
德州,116.328161,37.460826,12
菏泽,115.46336,35.26244,13
济宁,116.600798,35.402122,13
莱芜,117.684667,36.233654,13
聊城,115.986869,36.455829,12
临沂,118.340768,35.072409,12
青岛,120.384428,36.105215,12
日照,119.50718,35.420225,12
泰安,117.089415,36.188078,13
威海,122.093958,37.528787,13
潍坊,119.142634,36.716115,12
烟台,121.309555,37.536562,12
枣庄,117.279305,34.807883,13
淄博,118.059134,36.804685,12
太原,112.550864,37.890277,12
长治,113.120292,36.201664,12
大同,113.290509,40.113744,12
晋城,112.867333,35.499834,13
晋中,112.738514,37.693362,13
临汾,111.538788,36.099745,13
吕梁,111.143157,37.527316,14
朔州,112.479928,39.337672,13
忻州,112.727939,38.461031,12
阳泉,113.569238,37.869529,13
运城,111.006854,35.038859,13
西安,108.953098,34.2778,12
安康,109.038045,32.70437,13
宝鸡,107.170645,34.364081,12
汉中,107.045478,33.081569,13
商洛,109.934208,33.873907,13
铜川,108.968067,34.908368,13
渭南,109.483933,34.502358,13
咸阳,108.707509,34.345373,13
延安,109.50051,36.60332,13
榆林,109.745926,38.279439,12
成都,104.067923,30.679943,12
阿坝州,102.228565,31.905763,15
巴中,106.757916,31.869189,14
达州,107.494973,31.214199,14
德阳,104.402398,31.13114,13
甘孜州,101.969232,30.055144,15
广安,106.63572,30.463984,13
广元,105.819687,32.44104,13
乐山,103.760824,29.600958,13
凉山州,102.259591,27.892393,14
泸州,105.44397,28.89593,14
南充,106.105554,30.800965,13
眉山,103.84143,30.061115,13
绵阳,104.705519,31.504701,12
内江,105.073056,29.599462,13
攀枝花,101.722423,26.587571,14
遂宁,105.564888,30.557491,12
雅安,103.009356,29.999716,13
宜宾,104.633019,28.769675,13
资阳,104.63593,30.132191,13
自贡,104.776071,29.359157,13
拉萨,91.111891,29.662557,13
阿里地区,81.107669,30.404557,11
昌都地区,97.185582,31.140576,15
林芝地区,94.349985,29.666941,11
那曲地区,92.067018,31.48068,14
日喀则地区,88.891486,29.269023,14
山南地区,91.750644,29.229027,11
乌鲁木齐,87.564988,43.84038,12
阿拉尔,81.291737,40.61568,13
阿克苏地区,80.269846,41.171731,12
阿勒泰地区,88.137915,47.839744,13
巴音郭楞,86.121688,41.771362,12
博尔塔拉州,82.052436,44.913651,11
昌吉州,87.296038,44.007058,13
哈密地区,93.528355,42.858596,13
和田地区,79.930239,37.116774,13
喀什地区,75.992973,39.470627,12
克拉玛依,84.88118,45.594331,13
克孜勒苏州,76.137564,39.750346,11
石河子,86.041865,44.308259,13
塔城地区,82.974881,46.758684,12
图木舒克,79.198155,39.889223,13
吐鲁番地区,89.181595,42.96047,13
五家渠,87.565449,44.368899,13
伊犁州,81.297854,43.922248,11
昆明,102.714601,25.049153,12
保山,99.177996,25.120489,13
楚雄州,101.529382,25.066356,13
大理州,100.223675,25.5969,14
德宏州,98.589434,24.44124,14
迪庆州,99.713682,27.831029,14
红河州,103.384065,23.367718,11
丽江,100.229628,26.875351,13
临沧,100.092613,23.887806,14
怒江州,98.859932,25.860677,14
普洱,100.980058,22.788778,14
曲靖,103.782539,25.520758,12
昭通,103.725021,27.340633,13
文山,104.089112,23.401781,14
西双版纳,100.803038,22.009433,13
玉溪,102.545068,24.370447,13
杭州,120.219375,30.259244,12
湖州,120.137243,30.877925,12
嘉兴,120.760428,30.773992,13
金华,119.652576,29.102899,12
丽水,119.929576,28.4563,13
宁波,121.579006,29.885259,12
衢州,118.875842,28.95691,12
绍兴,120.592467,30.002365,13
台州,121.440613,28.668283,13
温州,120.690635,28.002838,12
舟山,122.169872,30.03601,13
香港,114.186124,22.293586,11
澳门,113.557519,22.204118,13
台湾,120.961454,23.80406,8